17
	"IBOVESPA FECHAMENTO"	"Ptax - Dolar Venda"	"AMBEV PN(AMBV4)"	"ARACRUZ PNB (ARCZ6)"	"BRADESCO PN (BBDC4)"	"CEMIG PN (CMIG4)"	"COPEL PNB (CPLE6)"	"Sid. TUBARÃO (CSTB4)"	"ELETROBRÁS PNB (ELET6)"	"ITAÚ PN (ITAU4)"	"PÃO DE ACÚCAR PN (PCAR4)"	"SABESP ON (SBSP3)"	"TELEMAR PN (TNLP4)"	"TELESP CELULAR PN (TSPP4)"	"VALE DO RIO DOCE PNA (VALE5)"	"USIMINAS PNA (USIM5)"	"PETROBRÁS PN (PETR4)"
02/12/2001	16917	1981.3	0.513	2.83	0.01229	0.0341	0.0198	0.0235	0.03945	0.1805	0.0694	0.214	0.04627	0.01916	50	11.2	55.72
02/13/2001	17095	1980.3	0.50102	2.84	0.01234	0.0344	0.02	0.0238	0.0409	0.183	0.0691	0.217	0.04649	0.01985	50.2	11.35	57
02/14/2001	17120	1989.4	0.5059	2.77	0.01226	0.0345	0.0207	0.0241	0.04171	0.1855	0.069	0.21905	0.04709	0.02015	50.12	11.5	58.21
02/15/2001	16937	1981.2	0.496	2.79	0.01237	0.0338	0.01984	0.02351	0.0415	0.1855	0.06899	0.217	0.0467	0.0205	49.8	11.49	57.91
02/16/2001	16259	1994	0.499	2.67	0.01195	0.0318	0.0194	0.0225	0.03803	0.17605	0.0669	0.213	0.0453	0.01966	48	11.2	56.41
02/19/2001	16060	2002.7	0.505	2.65	0.01164	0.031	0.0189	0.02215	0.0375	0.176	0.06682	0.20651	0.04481	0.01963	47.8	11.1	55.65
02/20/2001	15910	2006.3	0.512	2.71	0.01175	0.03139	0.0192	0.022	0.0374	0.17295	0.0672	0.215	0.0442	0.01855	48.4	10.8	57
02/21/2001	15593	2024	0.50301	2.79	0.01191	0.0305	0.01826	0.02125	0.036	0.17002	0.0681	0.21305	0.04255	0.0176	48.2	10.6	55.85
02/22/2001	15910	2036.8	0.508	2.73	0.01178	0.0314	0.01905	0.022	0.037	0.1745	0.0695	0.2235	0.04298	0.0181	50.52	11.01	56
02/23/2001	16157	2043.6	0.515	2.7	0.0119	0.0322	0.0185	0.02244	0.037	0.17801	0.068	0.238	0.04435	0.01815	52	11.2	55.7
02/28/2001	15891	2045.2	0.5	2.7	0.0115	0.0307	0.0188	0.02111	0.0365	0.1705	0.0675	0.232	0.0443	0.01875	52.6	10.4	54.91
03/01/2001	16416	2042.8	0.51	2.88	0.0115	0.0313	0.01945	0.02197	0.039	0.17551	0.068	0.2386	0.0458	0.0184	52.2	11.1	55.9
03/02/2001	16581	2035.5	0.514	2.81	0.01186	0.0315	0.01914	0.02195	0.0396	0.18099	0.0676	0.226	0.0452	0.0188	52.4	10.89	56.5
03/05/2001	16537	2023.2	0.50112	2.76	0.01182	0.032	0.01905	0.02182	0.0379	0.179	0.0675	0.218	0.04515	0.01855	51.21	10.97	56.9
03/06/2001	16324	2020.8	0.497	2.7	0.0117	0.0317	0.0183	0.02149	0.0374	0.182	0.068	0.21505	0.04438	0.01805	50.7	10.91	56.95
03/07/2001	16395	2039.1	0.51201	2.83	0.01235	0.03107	0.0187	0.0215	0.038	0.1835	0.0685	0.2175	0.04425	0.01724	50.9	11.35	57.3
03/08/2001	16226	2038.5	0.513	2.97	0.0122	0.03109	0.0182	0.0208	0.0398	0.184	0.068	0.213	0.04319	0.01644	51.4	11.16	57.3
03/09/2001	16123	2059.9	0.511	3.04	0.01231	0.03121	0.0182	0.02085	0.041	0.18	0.067	0.2117	0.04259	0.0164	51.1	11	57.1
03/12/2001	15527	2055.2	0.508	2.9	0.01158	0.0307	0.01763	0.02085	0.0409	0.1718	0.0667	0.2	0.04105	0.01565	48.1	10.7	54.52
03/13/2001	15584	2062.2	0.511	2.9	0.01141	0.03041	0.0185	0.0215	0.0396	0.169	0.0685	0.208	0.04099	0.01607	50	10.65	55
03/14/2001	15244	2076.3	0.511	2.86	0.0114	0.0294	0.018	0.02081	0.03753	0.166	0.0689	0.206	0.0396	0.01521	50.6	10.2	54
03/15/2001	15060	2086.4	0.514	2.82	0.01158	0.0289	0.0188	0.0209	0.038	0.16096	0.07	0.1955	0.03911	0.01541	50.24	10.36	50.35
03/16/2001	15237	2121.7	0.5285	2.83	0.01118	0.0295	0.01841	0.0208	0.0387	0.15999	0.069	0.1955	0.03989	0.01552	49.81	10.1	51.07
03/19/2001	14835	2127.7	0.5105	2.78	0.0107	0.028	0.01795	0.021	0.0372	0.158	0.0669	0.1925	0.0381	0.01482	49.5	10	51.09
03/20/2001	14903	2092.9	0.515	2.82	0.01081	0.029	0.018	0.02194	0.0378	0.165	0.06669	0.201	0.03662	0.01465	51.75	9.9	49.9
03/21/2001	14852	2100	0.515	2.8	0.01125	0.0292	0.0183	0.0215	0.03748	0.168	0.0655	0.1955	0.03585	0.0147	52.15	9.95	50.9
03/22/2001	14067	2141.9	0.51	2.65	0.01043	0.02751	0.01735	0.02089	0.03451	0.159	0.063	0.1838	0.0339	0.0134	50.29	8.9	47.9
03/23/2001	14435	2158.6	0.495	2.74	0.01135	0.02769	0.0178	0.0205	0.036	0.166	0.061	0.1918	0.03615	0.01333	50.5	8.77	48.49
03/26/2001	14712	2137.3	0.51	2.76	0.01169	0.02769	0.0182	0.02063	0.0371	0.1725	0.0647	0.19402	0.03733	0.01375	51.9	8.98	47.5
03/27/2001	14835	2123.6	0.52199	2.84	0.0118	0.0278	0.0186	0.02125	0.0383	0.174	0.0653	0.204	0.03684	0.01393	52.75	8.95	48.59
03/28/2001	14631	2117	0.501	2.78	0.01175	0.0275	0.0181	0.0211	0.038	0.172	0.064	0.19711	0.03631	0.01351	52.51	9.2	48.31
03/29/2001	14282	2136.9	0.5	2.74	0.0117	0.02639	0.0178	0.0204	0.0383	0.1715	0.0654	0.19	0.03507	0.013	52	8.79	47
03/30/2001	14438	2161.6	0.505	2.87	0.01168	0.0274	0.0176	0.021	0.03999	0.16801	0.0665	0.189	0.035	0.01268	53	8.59	46.97
04/02/2001	13981	2158.4	0.5	2.85	0.0109	0.02586	0.0167	0.02	0.0386	0.15961	0.067	0.1801	0.03369	0.0124	52.5	8.44	44.95
04/03/2001	13736	2173.2	0.495	2.84	0.0105	0.02545	0.01687	0.02035	0.0373	0.156	0.0664	0.1773	0.03226	0.0124	51.6	8.26	44.95
04/04/2001	13854	2163.2	0.5	2.77	0.0106	0.0257	0.0167	0.02114	0.038	0.16449	0.0663	0.1745	0.03313	0.01264	50.8	8.5	46.3
04/05/2001	14442	2158.9	0.49	2.9	0.01115	0.0275	0.01771	0.0215	0.0385	0.17306	0.067	0.178	0.03618	0.01375	51.61	9.1	49
04/06/2001	14484	2152.1	0.48602	2.8	0.01145	0.0273	0.0178	0.02169	0.0367	0.1655	0.0648	0.1815	0.03514	0.014	51.5	9.39	50.8
04/09/2001	14718	2164.2	0.488	2.8	0.01165	0.02739	0.01737	0.0214	0.03845	0.163	0.065	0.1825	0.0361	0.01435	51.8	9.39	51.12
04/10/2001	15047	2142.2	0.505	2.88	0.01195	0.02743	0.0183	0.02193	0.03825	0.1695	0.0665	0.19101	0.03716	0.01485	51.83	9.25	51.45
04/11/2001	14818	2138.4	0.5	2.8	0.01175	0.0268	0.01785	0.02129	0.0351	0.16902	0.0665	0.1916	0.03671	0.0145	50.7	9.15	50.65
04/12/2001	14969	2157.3	0.50102	2.78	0.01215	0.0274	0.0179	0.022	0.0358	0.175	0.067	0.19449	0.03715	0.0154	50.25	9.09	49.5
04/16/2001	14444	2182.5	0.489	2.72	0.01155	0.02581	0.01735	0.0215	0.034	0.171	0.0657	0.189	0.03578	0.0143	50.5	8.75	48.59
04/17/2001	14336	2188.8	0.48	2.77	0.01137	0.0261	0.017	0.0214	0.03319	0.16805	0.0659	0.1878	0.0349	0.01395	52.2	8.85	49.35
04/18/2001	14955	2175	0.51048	2.89	0.0118	0.02759	0.017	0.0218	0.03411	0.1702	0.06475	0.19202	0.03695	0.01429	52.2	9.3	51.8
04/19/2001	14431	2188.2	0.49815	2.87	0.01169	0.02681	0.01602	0.02123	0.03221	0.165	0.0645	0.186	0.03505	0.01381	51.05	9	50
04/20/2001	13696	2236.4	0.47503	3.08	0.0106	0.02569	0.0155	0.0215	0.0304	0.156	0.061	0.18	0.0322	0.0128	51	8.55	48.3
04/23/2001	13892	2258.6	0.48	3.12	0.01065	0.0259	0.0155	0.0211	0.02991	0.15602	0.0603	0.176	0.0326	0.01325	52.68	8.4	50.49
04/24/2001	14068	2253.8	0.4731	3.06	0.01087	0.0255	0.01555	0.02105	0.0312	0.161	0.0615	0.178	0.03382	0.0134	51.7	8.35	51.82
04/25/2001	14162	2301.1	0.4985	3.1	0.01115	0.0256	0.01575	0.02082	0.03172	0.1595	0.06005	0.1755	0.03529	0.01357	51.31	8.4	53
04/26/2001	14757	2254.1	0.529	3.16	0.0119	0.02625	0.017	0.02111	0.0332	0.165	0.06001	0.1815	0.03733	0.0142	51.9	8.64	53.8
04/27/2001	14927	2218	0.54	3.32	0.01235	0.026	0.01671	0.02111	0.0331	0.174	0.06125	0.18401	0.038	0.0151	51.1	8.82	53.41
04/30/2001	14917	2184.7	0.538	3.15	0.01251	0.02525	0.01651	0.021	0.03445	0.177	0.0623	0.18099	0.0384	0.01519	50.9	8.52	53.4
05/02/2001	14897	2223.9	0.525	3.27	0.01205	0.0253	0.0169	0.0215	0.0334	0.17464	0.064	0.1746	0.03832	0.01489	53.1	8.6	53.98
05/03/2001	15141	2235.3	0.51	3.33	0.012	0.0253	0.0175	0.02188	0.0331	0.1819	0.066	0.17299	0.0393	0.01505	53	8.87	55.7
05/04/2001	15092	2218.7	0.52007	3.27	0.01199	0.02561	0.0178	0.0216	0.03218	0.184	0.0655	0.174	0.0394	0.01471	53.15	8.8	55.5
05/07/2001	14875	2195.7	0.53	3.25	0.01213	0.02562	0.0179	0.0216	0.032	0.183	0.065	0.17	0.03855	0.01435	51.5	8.4	53.8
05/08/2001	14747	2231.9	0.52999	3.52	0.0116	0.025	0.01774	0.0227	0.03195	0.177	0.065	0.16751	0.03834	0.0152	52.1	8.14	54
05/09/2001	14778	2258.6	0.53	3.84	0.012	0.02495	0.017	0.02301	0.03071	0.181	0.0655	0.168	0.0383	0.0146	54.9	7.81	55.6
05/10/2001	14993	2269.5	0.56	3.9	0.01183	0.0249	0.0162	0.0249	0.03	0.181	0.0649	0.17185	0.0379	0.0146	57.1	7.5	57.3
05/11/2001	14493	2286.3	0.566	3.82	0.01162	0.0239	0.01591	0.02399	0.0284	0.176	0.064	0.1665	0.03628	0.0142	56.2	7	56.5
05/14/2001	14132	2306.2	0.566	3.77	0.0112	0.023	0.0159	0.0233	0.0277	0.1717	0.06214	0.152	0.03577	0.01386	54.51	6.6	55.8
05/15/2001	14226	2338.4	0.55	3.86	0.01128	0.02271	0.01565	0.02341	0.02819	0.17354	0.063	0.151	0.03686	0.014	56.5	6.55	55.6
05/16/2001	14714	2321.9	0.537	3.81	0.01187	0.023	0.016	0.02371	0.03029	0.188	0.062	0.15749	0.03834	0.01485	55.81	6.95	56.5
05/17/2001	14793	2303.6	0.555	3.78	0.0119	0.0233	0.01625	0.02381	0.03	0.19295	0.06085	0.1675	0.03801	0.0158	56.59	7.11	56.89
05/18/2001	14884	2294.1	0.5679	3.85	0.01199	0.023	0.0171	0.0245	0.0293	0.18302	0.0615	0.17	0.0385	0.01579	56.5	6.95	57.99
05/21/2001	15127	2327.8	0.577	3.81	0.01195	0.023	0.017	0.0247	0.02843	0.182	0.0616	0.17	0.03881	0.01796	56.8	6.55	58.71
05/22/2001	14828	2306.2	0.581	3.8	0.01177	0.02295	0.01675	0.02429	0.0279	0.18153	0.0616	0.165	0.0382	0.0165	57.6	6.54	59.5
05/23/2001	14691	2342.7	0.58	3.76	0.01205	0.02243	0.017	0.0244	0.027	0.18999	0.0592	0.163	0.03795	0.0166	56.6	6.25	59.7
05/24/2001	14523	2349.4	0.5535	3.87	0.0121	0.0223	0.01698	0.025	0.02596	0.188	0.058	0.162	0.03721	0.0167	57.5	6.19	59
05/25/2001	14310	2340.3	0.534	3.84	0.01205	0.0214	0.01605	0.0253	0.0251	0.1905	0.0595	0.16199	0.03658	0.01685	57.84	5.95	57.9
05/28/2001	14302	2326.5	0.535	3.75	0.0119	0.0213	0.01565	0.025	0.02425	0.188	0.0595	0.156	0.0363	0.0169	57.5	5.9	57.6
05/29/2001	14453	2342.5	0.524	3.96	0.01195	0.0219	0.01611	0.02515	0.0246	0.194	0.062	0.159	0.03715	0.01665	57.3	5.95	57.7
05/30/2001	14489	2359.6	0.524	3.96	0.01196	0.0223	0.0158	0.0254	0.0248	0.1945	0.061	0.1609	0.03682	0.01667	56.3	6.42	58.3
05/31/2001	14649	2360	0.53499	4.1	0.01192	0.023	0.016	0.0255	0.0255	0.191	0.0622	0.16599	0.037	0.01649	57	6.5	59.8
06/01/2001	14791	2383.3	0.54	4.11	0.0121	0.02349	0.01615	0.02485	0.026	0.19	0.06369	0.167	0.03709	0.0166	57	6.55	60.25
06/04/2001	15103	2362.9	0.55	4.15	0.01235	0.0243	0.01661	0.024	0.0274	0.194	0.0629	0.168	0.0375	0.01638	56.6	6.63	62.4
06/05/2001	15394	2389.5	0.536	4.1	0.0124	0.02562	0.018	0.02359	0.0306	0.195	0.061	0.1715	0.03852	0.0163	56.7	6.61	61
06/06/2001	15328	2382.1	0.523	4.23	0.0125	0.02615	0.01722	0.02346	0.0299	0.2	0.06	0.17199	0.03889	0.01607	56.7	6.54	59.11
06/07/2001	15464	2388	0.52502	4.16	0.01293	0.027	0.01721	0.02361	0.0311	0.19999	0.0608	0.17799	0.03869	0.01595	57.5	6.73	58.5
06/08/2001	15366	2361.9	0.515	4.21	0.0127	0.027	0.01819	0.0238	0.03049	0.19251	0.0615	0.1775	0.03875	0.01586	56.85	6.9	57.7
06/11/2001	15224	2372.2	0.52	4.25	0.0125	0.0258	0.01796	0.0238	0.0295	0.1905	0.0605	0.1725	0.03825	0.01545	56.7	6.84	58.5
06/12/2001	15173	2390.6	0.50801	4.29	0.01295	0.0253	0.0174	0.0238	0.02862	0.19101	0.0604	0.169	0.03809	0.01501	55.5	6.8	57.7
06/13/2001	15403	2407.8	0.515	4.44	0.0127	0.02499	0.0175	0.025	0.02901	0.19449	0.05898	0.175	0.0378	0.01538	56.4	6.79	58.21
06/15/2001	14985	2407.9	0.495	4.31	0.0124	0.02501	0.0171	0.0235	0.02921	0.19011	0.0547	0.17	0.03699	0.01501	55.6	6.5	56.71
06/18/2001	14355	2458.6	0.476	4.31	0.01182	0.02415	0.01615	0.02374	0.02769	0.18698	0.05151	0.163	0.0352	0.01415	54.6	6.23	56.4
06/19/2001	14400	2467.5	0.47699	4.35	0.0118	0.0241	0.01612	0.023	0.02801	0.18099	0.0531	0.164	0.0358	0.01415	55	6.35	57.1
06/20/2001	14571	2474.8	0.498	4.17	0.01196	0.0253	0.01613	0.0234	0.02811	0.18699	0.0527	0.1657	0.0363	0.01429	54.51	6.34	58.35
06/21/2001	14822	2405.4	0.48	4	0.012	0.0267	0.01696	0.0236	0.02822	0.1935	0.052	0.1675	0.0372	0.01371	54.55	6.65	58.69
06/22/2001	14682	2329.6	0.4727	3.9	0.0122	0.0265	0.01676	0.02298	0.0282	0.1965	0.05548	0.17316	0.03666	0.0138	54.49	6.82	57.2
06/25/2001	14539	2299.7	0.50333	3.9	0.01216	0.0265	0.0168	0.0222	0.0277	0.1995	0.056	0.171	0.0361	0.014	52.8	6.81	55.9
06/26/2001	14459	2313.9	0.5	3.96	0.0119	0.0258	0.01698	0.0213	0.0279	0.192	0.0541	0.17051	0.03555	0.014	51.8	6.6	55.4
06/27/2001	14308	2323.6	0.518	4.08	0.01195	0.0261	0.0169	0.021	0.0269	0.1895	0.0543	0.1675	0.0345	0.01381	51.6	6.52	53.61
06/28/2001	14390	2292.3	0.53	4.11	0.012	0.02705	0.0172	0.022	0.02704	0.194	0.054	0.16401	0.0347	0.01425	51.21	6.48	52.93
06/29/2001	14559	2304.9	0.54	4.2	0.0121	0.0274	0.0173	0.02189	0.0272	0.202	0.055	0.166	0.03525	0.0141	52.42	6.54	53.99
07/02/2001	14555	2324.9	0.535	4.2	0.01235	0.02629	0.01815	0.02187	0.027	0.1985	0.0533	0.16201	0.03505	0.01452	54	6.48	52.6
07/03/2001	14352	2339.5	0.5151	3.98	0.01198	0.0252	0.0185	0.02186	0.026	0.192	0.0535	0.1571	0.0344	0.01461	52.7	6.59	51.75
07/04/2001	14056	2390.7	0.5151	4	0.01171	0.0242	0.0177	0.02114	0.02521	0.18749	0.0539	0.1546	0.03369	0.01461	52.3	6.37	51.3
07/05/2001	14047	2411.3	0.5151	4.27	0.0116	0.0245	0.0189	0.0214	0.0266	0.181	0.0538	0.1498	0.0336	0.01485	53	6.38	52
07/06/2001	13906	2494.3	0.499	4.07	0.01135	0.02581	0.0185	0.021	0.0272	0.1825	0.0505	0.1494	0.03309	0.01439	53.9	6.39	52.2
